-9.69575288552879
5.83568712471725
0.0582624500354631
1.27721186451241
-4.41552107881293
1.89372629865061
7.19285401683754
-5.2167488329784
-4.42713860296201
3.86799419094515
-2.56746476457465
0.355861773725582
-11.514388067193
-0.140333147320105
2.46266210357829
-13.4340858147836
1.17880030281856
5.46628954215673
-6.30432948767169
9.1956862350523
-7.06560583931019
-1.59801578561564
5.47063217293712
0.515342172462662
-6.6883241138168
-3.38281859450203
-0.187589159382205
4.49205406488338
2.71482824826033
-7.79901507917892
-0.342506554466933
-6.36401580732915
4.55973714433503
-5.59827758265002
2.57076309570318
-6.46984657148187
-0.944796953943043
-6.99973173397106
5.35202603847765
6.9176225631514
-0.687877944843047
1.84125894946354
0.210478177232381
0.621724019223606
-1.93605065303729
-6.00385780261373
4.22448693910526
2.51704401902733
2.61890257148848
1.79003553747412
10.0723240795821
-6.63653610242281
-1.10652991196615
5.59382717567733
-4.76441134926574
-0.687972563955129
-0.475480197624097
-7.60846733061795
2.74052294697877
-1.87938093641798
5.17236608758664
-7.73843424289706
-2.7650584038716
-4.41302290288145
7.63172455303534
-2.91447020996793
-4.55058240704366
-7.7571757988468
-2.84418496023361
5.91275653798693
8.45789400136031
-5.59331802904272
0.292718383624805
4.19421816279391
3.29261017070906
-2.66080874636239
2.94721686665634
-5.35686851378645
1.51034634555416
-5.36650811007883
6.86904320341205
-0.388307798349624
9.4012618843746
-8.52406952296347
1.28945001052602
13.3739939816954
-2.36834796437168
0.877382807626109
-1.41844206076244
0.129729187409152
-6.8395096522738
1.67334465718236
5.66136562641508
-0.646833554145959
-7.67235177244493
1.08203799739515
1.78843179688373
4.59242456671287
-2.24030140113547
-3.76090797361859
-5.23052024899941
-8.08014208773882
-4.61469293902423
4.37264447354448
6.45308195194742
-0.82189478673214
5.31739715962961
3.64293478968856
-0.444953974013852
-2.67002736600525
2.90886895913616
-5.38032651778671
1.59668322851767
0.223250239796701
-9.62384617667366
-1.46973128866109
2.28628236150086
0.213804869528608
3.23743481692656
6.44879046830079
3.82458822666133
2.13291036959798
-4.40468239703299
10.5559343300461
-0.360896862821404
2.86363644121653
10.4946303636563
-3.32250248631277
-5.48872773109558
-0.0600834771531317
1.61001988515722
7.18590369383067
1.30246637829813
2.73670057753192
-3.88949779498449
2.44569443976276
-3.05513889796919
-0.685315020493815
1.39411911665353
6.899201141746
-8.00426401140614
-5.44017802791895
-3.72816699176788
-1.52092352877033
-4.44563127859738
-5.05302427570035
1.60414916855213
3.91470911114071
4.54441503782235
4.14300736026483
-0.0777623148261594
5.29471683236784
-1.64156588400558
5.76153446001153
-0.507542756226151
3.15107536546634
-2.90035850381163
-2.06569401149672
-1.08447599112143
-12.3032293250104
-2.88483119137628
1.66567485289516
-6.17863039757639
7.99689267012598
2.44411030695757
-1.05471269292524
1.056983430969
-2.11131909839224
7.44449162442263
-1.16372738006558
-2.94733378451322
1.82643603235797
-7.03750073769814
3.11701136160036
0.725575736020485
3.83728264146197
5.89941228149173
-3.23554158480001
-4.03035143563707
-0.686944933076929
-2.44549987092699
4.54952283990733
6.16745152010945
0.715144343070684
-1.7155914359861
-3.79020111804126
-0.942791195539323
-4.30070667311724
5.46733273475682
-1.45411340337542
5.3855851328265
-0.507983699307582
3.54315765231082
-10.4735426363921
-4.02343359235976
4.94443515513294
6.08302762621718
0.113245073376165
4.14827586124564
-2.20966660649128
12.6536879243747
-3.38169571508221
-2.52049058915699
-2.2076927118192
0.4380506576817
-15.2107173884942
3.37689204439736
-3.5558510033165
1.74473415613246
7.35322566832094
0.22630187242024
3.95442929197032
3.20958336151133
-1.655041835917
6.13858662435661
0.0247519657977924
8.22061658369873
-0.561390268318459
-3.25328978155681
-0.169328426703596
5.68955505035334
-8.44514850622862
1.96065982026004
-1.82969559623011
-4.57951586935451
3.06380646751024
9.99825176034528
5.55142879823762
-0.426037605300469
-2.11819892999469
6.34770921889867
-7.39273447419531
4.72123189384279
7.16497938259285
-11.5519462494866
2.5056848900201
1.15909728980403
0.0677824474566562
-16.1785721639441
3.69554294318064
3.95256318480075
-5.0164112194818
0.123465176156981
6.76524176596461
-5.76658941472626
-0.430730926993253
-8.60110273402863
-2.00225327614915
1.78863996024077
-0.0500384800118436
-1.81993331732959
0.209792369494967
-5.93917282185651
5.58920600204013
-3.11600814475675
6.35491437106455
-6.66847443018452
4.01673810958175
-3.71192220240881
4.29850780948958
-1.98473510035301
0.0366418494487146
0.371529519788927
1.21344322259196
7.18430535900156
-0.493571764146525
2.43530898996844
-1.71355935009401
3.07446634498862
6.88112159772538
-3.40648477747612
5.48581524714395
1.0904896002
0.446762294059297
4.54870308185792
-10.1982709918253
-2.73711546933137
-3.13147907009118
3.06677498135381
-6.18420595439576
3.17610740480804
7.08086795937432
-1.22134618566751
1.92193587695999
0.471030382776334
8.54532329109303
-0.773498651664465
-8.32246463361896
4.38617630258341
3.53038367125165
-8.25282447423321
-0.460852128641387
3.72694657819632
-9.93219600481579
2.37313923280439
4.95248170116699
1.39749974826201
-7.32630103747716
0.674350500943458
1.06927103061937
-2.57889426321689
-1.12555410204029
6.75399584848044
0.624298143627313
5.33275267660364
3.45440062020051
-1.31732040489952
4.03717690257713
-2.23348099846592
-2.45394825642035
3.69870465510653
0.56522613373539
-1.23362218259127
-5.09121525886686
-6.77173699292732
-1.05774900287784
-3.1784908063918
-7.35809672699429
-0.842139682186225
5.11647561505441
-6.18321624657522
-2.81974385631788
-2.12322044796806
2.29975646286867
8.63644006329727
12.6686436246938
11.3969816767569
7.55122614242023
1.39174355319858
-0.832694235997579
6.77533324224359
1.70203085111424
4.46533301168002
10.0023568350434
1.81426746557244
-1.53965348125795
7.43243670611354
-3.4429636674348
3.51510580582363
-8.171326548858
-0.124169909882688
-9.08595669476837
8.38948407383766
5.97236601965634
-1.6713174892536
-1.53337513355935
-7.85351049215205
5.73775091940154
2.58105059906941
-14.0335562028041
4.70401344595137
-1.04399382605234
-7.5489043078471
-3.31154549767119
7.15653005286364
6.0111090056078
-0.740496665064805
0.956898074646024
-4.52869488387585
11.3271761729039
5.00448776076196
-2.50024085557792
1.15533286060506
13.0754851388303
3.03081336300152
-0.814864177863724
4.35388645727204
-5.67102223512581
2.70757391215122
-2.98123021076004
-12.3283222397569
4.61728708403764
2.14676308841695
-1.4170628715588
1.35758937418271
-2.69970560927625
-2.87078754727442
-3.17137563094853
-0.764274968160666
-2.08460278455709
-7.60295376382179
2.24951893926724
1.75863209964824
-3.29364906263257
-9.15060252182552
1.26486331275675
0.293113876079388
-0.180530812235379
-9.06526870205941
11.775784305995
3.40027904210242
6.95080766392184
-0.441530909012711
9.13457321681263
-2.6624520837873
-4.6431820370092
3.72627146004711
-5.16529736302714
2.07440856680983
-1.51270897556315
1.96842256624785
-11.6842004298139
2.58755887183472
-2.85538998763895
-4.5420477701415
-2.89332570150974
-5.89285683275229
1.15476530767702
-2.11877291594767
-3.7497175317456
3.29911990675699
4.43927757435562
2.97827255322747
-5.63861074469034
-8.45901454080774
5.96482470238532
-3.46298161398118
-2.94375138993947
4.28246785369007
0.0326842018552164
4.13783773180722
0.484966059790291
7.20949273198189
3.02767228729937
0.571301416842402
-4.77143175896573
7.28036804738485
3.17674810036089
4.36546033677633
-3.83918736684821
-5.85508627416591
7.7368055974172
4.63884269489733
-5.92047142399056
-7.71349400341398
3.31257939812913
-0.56613283652614
-12.9230105221824
-2.75151073835195
-4.94198179941943
-1.33450023613839
-5.82996554940397
9.71214807907794
3.12101821730427
-8.0211231239375
-2.56556909569017
2.25804194754951
3.47428248703705
1.68848985593726
-6.8371054662267
-0.97121725800233
5.16890417389019
1.80289375419109
2.43587988924266
-0.933156111100251
1.24285288963127
-1.32556148412413
3.42905774873457
7.96404600856291
-4.63496458203557
1.92363454606064
-4.90117631802105
-13.6609272890875
-6.08034523754547
0.848946785346628
0.0311755863694241
1.6641317842336
-5.06904709425313
-3.06272490917201
6.61054555910761
10.3552156222008
3.89048006682119
6.75871198976279
1.51768143702804
-1.66642001239198
-0.207487036932635
-5.67771881953928
6.73416258184972
2.44843525362793
5.92229491417371
-1.61724456124003
0.153297171112571
-8.48265872994644
6.93803697906758
0.309834838353665
1.69723922586953
0.906661412769478
3.28770838834443
-1.08967948475043
-0.447392365893284
-0.721533412196339
4.91623183619666
-0.358361209602586
0.361098921405177
6.29783384209082
1.58329902039395
3.69706328295916
1.98105198294803
6.10735641222209
0.449974515538714
0.340585121417463
5.37979532037109
-2.82669256862287
-2.82943400740394
-4.11440548633418
-5.44722254788805
2.60356317810831
-2.05962409348937
-2.90565757924488
3.17619017523576
5.13959198259798
-0.0141458299047428
-3.90753930699119
-3.15496882544005
-2.07669170768628
4.29782869122025
-5.78828966063641
-2.48076085570876
1.00910030006245
9.71969783660924
0.518130411169512
0.00195250698939771
10.9020021789462
7.09153851356251
12.3085853992632
-7.45781043366719
7.11346617680914
2.31662099873044
-1.61564763272196
0.831996962479984
7.48026553811838
-6.96846096036234
0.804210591382038
-0.784966006336362
-4.58168751729326
-4.10913261711526
0.762961417882442
3.20501222726832
-1.78162318565741
4.68380281385533
-5.11874991620523
-7.63272667366456
5.82402248223616
-3.88026065194516
2.77972052321031
2.69403139205451
-11.7054905945306
-6.16579002930686
5.53931762243386
5.05915764605934
0.740370378757229
-4.09484167373122
-5.33344889801556
-5.18478921812346
2.59684904290937
-6.6956981659194
-5.85763545985279
-1.64717764074188
4.25028707667337
-6.85588175842934
-8.93406801510756
-0.751918265843613
-0.658225566479154
2.03836989527958
1.37583144418246
1.20572729783316
2.67836610714269
-3.1471884500042
-2.39755825985613
3.57903713136478
-3.11852070015844
0.655847886542992
-8.16149481334977
-4.4853151342087
-8.0894280895508
2.87210975709067
3.47969668143519
-6.5142609369698
6.37145511771453
-1.78950609737357
3.0211112850306
4.32146654946355
-7.4037590040253
0.942104775067665
-2.03234330552103
7.18192866573855
-5.29638471974787
0.283685368773757
0.446436651715804
-3.59986341242538
-6.1698379788126
2.79584827891771
0.0973068466097361
2.30156596290108
0.503262157188409
0.955078558904968
6.53453476881549
1.04639004995196
-1.17231876293256
0.104679415355727
13.8608045557245
-4.9565383974679
-6.38483459338679
3.02173212606686
0.756494855723983
-12.8801290229225
-3.20914068492441
7.36342612045073
5.57798080706669
6.81061932746886
4.58898969531682
1.73887865719853
5.28822677370214
-7.07675980689627
4.89901344831109
9.31998863029412
2.06934272791049
-1.33979726912908
4.47324652559353
-0.413641592394056
4.77535370888128
9.168552604247
3.60733028731639
-8.55212508256318
2.61191177551323
1.23177802798308
1.63521285067604
-2.68224473442448
13.2909710363655
8.17412752877646
1.00322056724316
1.45652716540551
-4.65322028328742
-0.810720976533546
0.805748465719152
-6.77279606288576
3.18937922014915
6.47523356543196
-4.24713344289618
-1.63697414831579
0.127008092387113
0.104045240106334
8.96021838361166
-4.7409135872081
-5.65736180651773
-5.77592157589364
-2.13584268413054
9.30792871214353
-3.51574620352621
4.56510368029366
1.23727276244845
-2.35206362058233
1.35255081653128
-0.159564390080166
1.93128071109655
-3.06000133459052
-5.26463143091664
7.25552650086655
-8.23434640657541
4.64079555445143
-9.80824139991784
8.51132274255423
-4.20090270975873
-8.6806919972852
5.08989206162384
3.72555041316588
5.43031635861202
5.23635632307536
-3.0879547141327
-8.00638417336835
4.4008855847674
-0.709641900350391
2.32692057805189
2.14539831969343
-4.66224376693384
1.45646839684594
3.08648878998701
4.59284077795696
8.57957399917839
-5.6613782192811
0.116634861136281
2.14840701801673
3.11791190267817
2.0869007698925
-6.54782742163318
1.22326417235004
0.649165025390464
0.415301641475636
-0.0995356956841802
3.23770534236232
-0.622718917578996
4.3240078981276
0.0662333876047733
4.70989191212103
-0.236325029603273
-4.44715395570256
1.43611073548804
-10.341255384146
7.57422965733182
5.62179258006719
-1.49621172723268
6.83883753050192
1.54067497628104
8.37125067302418
0.260938511074481
1.22360658500391
0.269949153487339
3.9405448563803
3.2067133813206
3.29256998368334
2.64107984701733
0.735437307063405
-5.16909868234723
0.22818009120671
2.23441352142551
15.6381844508391
-5.02988174249375
4.32813991640923
-6.07878313957855
7.67436189660325
-3.41026020238402
-3.85270890494851
-13.4317097216007
6.97446946555479
0.376604364016871
-0.55054364958782
-4.64720776288363
-9.87927012028549
-0.784134856731361
5.28634378882522
5.79493037952068
1.20038908892084
5.63885630286194
9.4896266307946
4.99053442976574
1.03207116328487
1.05748281246342
-5.81365995971853
4.89910575185148
1.13178627834666
2.05137071962512
1.4077207675223
-6.22531467396574
-2.71276166894288
0.00414121754777194
0.0861675258244062
-1.0762981102518
-6.99033021752822
1.18388658471581
-2.29725598880195
0.502913750779844
6.67064710636109
-6.66769211091275
-3.24067354212001
-0.887967616546249
7.25156592387836
1.91656210208917
-3.89460969118174
2.49759979713366
2.70205832660388
0.81089142824614
-3.97594082348505
-7.91649637675642
6.69722033139252
-5.61687221720032
-7.55556683523027
-4.22715301123811
0.726650384375729
-3.62643547106201
1.75494538432979
7.26576801972614
-1.8921248859479
2.03955562663585
1.27969249438183
3.46724542804178
-1.19160206389697
4.12150082484166
-6.26457031366852
-0.900558524556977
-9.1120731142137
0.876922607502873
3.69899536612153
-0.29186209652733
-0.39050179601808
8.9530992663674
-0.781043756133137
-11.2811155701497
2.52477942247771
-1.10005847702068
-4.21583979858211
1.57509565611253
-3.86083092134699
5.80394520716579
5.25969150273863
6.32420483543201
0.591706174696718
-4.70857072782876
-1.00911241427637
-4.56484455645901
1.81484224814861
5.80336236969831
6.16464640934689
7.66094089682571
2.76405653170542
0.285582927447678
-7.83578743200351
6.06061735689664
0.683498507414772
-0.73550040509645
11.6848023318082
1.56285283960453
8.60073641266674
-9.38157359638263
-4.97213660055854
7.72065610675127
1.98476721338013
-10.1676865581753
-0.0756397805634463
7.92862480979445
-0.421182095253043
-4.82016768100379
-7.35249693652136
1.71066783139059
-2.1343267001232
2.02941077203592
5.07133127789595
10.9995072606528
0.595825145223793
-1.75258646753104
-3.4467430354259
3.88932114616437
-7.9444138228808
3.2603000933472
-3.84953834603719
3.21952136247665
3.32422419451596
-1.06918708530582
1.34948453362164
6.97389938374337
0.187053684679925
4.28984015527937
-4.61945242637148
2.22219125201152
2.71812769091999
-2.74911433919261
-10.047767122591
-2.70443971883143
-8.74136036114378
3.42164215143345
2.50489252154149
6.30686327517803
5.68447432398602
3.57993141315229
-5.64321816773102
-0.653708931055812
-0.326803621415122
1.21916538347577
-5.80728497933106
8.49504261438269
-0.230376914621273
4.35862245491591
4.58349178245286
0.0958068126837742
-9.68446294238035
-6.44228354443819
8.65052736681578
1.45778831272094
-0.616502646836529
1.22603310201578
-2.76981000871294
3.28245781748812
7.72902443684346
-5.46930855271471
3.93888251109134
5.17692541590616
-1.53256734121286
-1.62117497129507
7.72523775984315
-2.77288672877095
-5.26183260473986
4.13500635085357
-2.59937423978485
-0.418519729728032
3.86705775263403
5.3214908426627
-1.38163793602965
-0.234346645429117
-3.19570797636068
-15.5882911452391
2.93245333840391
-0.598437224070606
-3.4572661656296
0.110882249948178
-0.285507854086442
3.44394588609525
-1.42092448311813
-7.58286397326254
2.28918017607036
5.71477640035198
0.691600430284681
3.9186153463447
-4.02718881877797
2.03115111376662
0.795180890983718
-6.18397112467389
4.37788301166369
4.39725800186947
-2.95148413880446
6.14452692007612
-2.38030734025782
-2.39586963226489
4.82145712396272
-3.07654815564286
1.22306215120848
1.27065943968192
-8.17079179763171
1.89782812417827
0.251101426038841
-4.06558226143963
0.323226465173241
-3.15662455030223
0.207116667114753
-0.8992421654583
8.39534075348795
6.19393122586092
-4.69713155976386
7.36058961412114
0.988062554627118
-1.96712633553381
-0.940188726969143
3.98223222847847
0.170637634222683
-1.17494775202165
7.92127586191851
-6.45838549836569
4.36945781899879
1.0974585414344
-2.7247454790163
-3.58759530970644
-0.111699285435189
10.0675480814778
0.387603485445789
-7.35298152765891
-6.50960040586319
2.2460471365484
8.98013735033461
4.55308504229552
0.0762597564873981
14.4661534676884
-0.96023107045218
-0.0994797922105075
-2.35227400904786
-8.4548490504653
-15.3046468597921
4.23201235089575
-5.96380891610237
2.75904486429137
-3.12852117700202
-2.29175809115613
10.8749531707242
-1.62259546503916
1.83544288472317
1.0804488542231
-0.300151059819931
-3.37192105434457
11.4557411773133
0.468825808383862
-2.53764051127481
-0.137380495100843
7.33426193654734
-3.93820719491064
-0.402565336790576
-0.284530654161829
5.99179483190981
0.507294758547046
2.67769575110228
2.50204964010628
-7.5868669377636
-2.59986955435576
-4.27193494851379
-1.98574040426789
2.1252703084116
2.87281420449068
3.52605791239996
-2.99444144232759
4.56206593421199
5.8282273860377
-3.5288134469942
-2.9816235714156
-0.963991385903214
3.65469342768638
-1.90571765687392
5.39911507854978
-8.73095580171156
1.25029881206647
9.76748579734119
7.6297344055295
7.23139220673582
-8.76893516653799
-0.78254857380423
